%YAML:1.0
cam0:
  cam_overlaps: [1, 2, 3, 4]
  camera_model: pinhole
  distortion_coeffs: [-0.03116674317579859, 0.5005703117394807, -7.691057047799489,
    41.71286545440132]
  distortion_model: equidistant
  intrinsics: [1888.4451558202136, 1888.4000949073984, 613.1897651359767, 482.1189409211585]
  resolution: [1224, 1024]
  rostopic: /camera_array/cam0/image_raw
cam1:
  T_cn_cnm1:
    - [0.9998592131007749, 0.002133118917412371, 0.016643430570987196, -0.3288878477162784]
    - [-0.00239350215916554, 0.9998748134921127, 0.015640603937018157, -0.0013499051732346753]
    - [-0.01660798376989704, -0.01567823803189553, 0.9997391498422485, -0.004532360112350092]
    - [0.0, 0.0, 0.0, 1.0]
  cam_overlaps: [0, 2, 3, 4]
  camera_model: pinhole
  distortion_coeffs: [-0.10081622359739374, 2.439006534341921, -26.79128779289829,
    101.51121325978683]
  distortion_model: equidistant
  intrinsics: [1868.5741276186334, 1869.70165954517, 573.2247250514644, 460.0106709634189]
  resolution: [1224, 1024]
  rostopic: /camera_array/cam1/image_raw

